0 0.7245 0.807909604519774 0.283 0.3813559322033898
0 0.615 0.3764124293785311 0.248 0.3573446327683616
0 0.332 0.4682203389830508 0.314 0.3771186440677966
0 0.492 0.18008474576271186 0.252 0.3149717514124294
0 0.7735 0.2132768361581921 0.265 0.3305084745762712
0 0.2455 0.2076271186440678 0.255 0.3361581920903955
0 0.0805 0.7542372881355932 0.161 0.403954802259887
0 0.0605 0.2464689265536723 0.121 0.3206214689265537
0 0.9155 0.6504237288135594 0.169 0.3799435028248588
0 0.911 0.3234463276836158 0.178 0.3418079096045198
0 0.456 0.894774011299435 0.272 0.21045197740112995
0 0.197 0.940677966101695 0.286 0.11864406779661017